        2  0
        3  0
        5  1
        7  0
       11  0
       13  1
       17  1
       19  0
       23  0
       29  1
       31  0
       37  1
       41  1
       43  0
       47  0
       53  1
       59  0
       61  1
       67  0
       71  0
       73  1
       79  0
       83  0
       89  1
       97  1
      101  1
      103  0
      107  0
      109  1
      113  1
      127  0
      131  0
      137  1
      139  0
      149  1
      151  0
      157  1
      163  0
      167  0
      173  1
      179  0
      181  1
      191  0
      193  1
      197  1
      199  0
      211  0
      223  0
      227  0
      229  1
      233  1
      239  0
      241  1
      251  0
      257  1
      263  0
      269  1
      271  0
      277  1
      281  1
      283  0
      293  1
      307  0
      311  0
      313  1
      317  1
      331  0
      337  1
      347  0
      349  1
      353  1
      359  0
      367  0
      373  1
      379  0
      383  0
      389  1
      397  1
      401  1
      409  1
      419  0
      421  1
      431  0
      433  1
      439  0
      443  0
      449  1
      457  1
      461  1
      463  0
      467  0
      479  0
      487  0
      491  0
      499  0
      503  0
      509  1
      521  1
      523  0
      541  1
      547  0
      557  1
      563  0
      569  1
      571  0
      577  1
      587  0
      593  1
      599  0
      601  1
      607  0
      613  1
      617  1
      619  0
      631  0
      641  1
      643  0
      647  0
      653  1
      659  0
      661  1
      673  1
      677  1
      683  0
      691  0
      701  1
      709  1
      719  0
      727  0
      733  1
      739  0
      743  0
      751  0
      757  1
      761  1
      769  1
      773  1
      787  0
      797  1
      809  1
      811  0
      821  1
      823  0
      827  0
      829  1
      839  0
      853  1
      857  1
      859  0
      863  0
      877  1
      881  1
      883  0
      887  0
      907  0
      911  0
      919  0
      929  1
      937  1
      941  1
      947  0
      953  1
      967  0
      971  0
      977  1
      983  0
      991  0
      997  1
     1009  1
     1013  1
     1019  0
     1021  1
     1031  0
     1033  1
     1039  0
     1049  1
     1051  0
     1061  1
     1063  0
     1069  1
     1087  0
     1091  0
     1093  1
     1097  1
     1103  0
     1109  1
     1117  1
     1123  0
     1129  1
     1151  0
     1153  1
     1163  0
     1171  0
     1181  1
     1187  0
     1193  1
     1201  1
     1213  1
     1217  1
     1223  0
     1229  1
     1231  0
     1237  1
     1249  1
     1259  0
     1277  1
     1279  0
     1283  0
     1289  1
     1291  0
     1297  1
     1301  1
     1303  0
     1307  0
     1319  0
     1321  1
     1327  0
     1361  1
     1367  0
     1373  1
     1381  1
     1399  0
     1409  1
     1423  0
     1427  0
     1429  1
     1433  1
     1439  0
     1447  0
     1451  0
     1453  1
     1459  0
     1471  0
     1481  1
     1483  0
     1487  0
     1489  1
     1493  1
     1499  0
     1511  0
     1523  0
     1531  0
     1543  0
     1549  1
     1553  1
     1559  0
     1567  0
     1571  0
     1579  0
     1583  0
     1597  1
     1601  1
     1607  0
     1609  1
     1613  1
     1619  0
     1621  1
     1627  0
     1637  1
     1657  1
     1663  0
     1667  0
     1669  1
     1693  1
     1697  1
     1699  0
     1709  1
     1721  1
     1723  0
     1733  1
     1741  1
     1747  0
     1753  1
     1759  0
     1777  1
     1783  0
     1787  0
     1789  1
     1801  1
     1811  0
     1823  0
     1831  0
     1847  0
     1861  1
     1867  0
     1871  0
     1873  1
     1877  1
     1879  0
     1889  1
     1901  1
     1907  0
     1913  1
     1931  0
     1933  1
     1949  1
     1951  0
     1973  1
     1979  0
     1987  0
     1993  1
     1997  1
     1999  0
     2003  0
     2011  0
     2017  1
     2027  0
     2029  1
     2039  0
     2053  1
     2063  0
     2069  1
     2081  1
     2083  0
     2087  0
     2089  1
     2099  0
     2111  0
     2113  1
     2129  1
     2131  0
     2137  1
     2141  1
     2143  0
     2153  1
     2161  1
     2179  0
     2203  0
     2207  0
     2213  1
     2221  1
     2237  1
     2239  0
     2243  0
     2251  0
     2267  0
     2269  1
     2273  1
     2281  1
     2287  0
     2293  1
     2297  1
     2309  1
     2311  0
     2333  1
     2339  0
     2341  1
     2347  0
     2351  0
     2357  1
     2371  0
     2377  1
     2381  1
     2383  0
     2389  1
     2393  1
     2399  0
     2411  0
     2417  1
     2423  0
     2437  1
     2441  1
     2447  0
     2459  0
     2467  0
     2473  1
     2477  1
     2503  0
     2521  1
     2531  0
     2539  0
     2543  0
     2549  1
     2551  0
     2557  1
     2579  0
     2591  0
     2593  1
     2609  1
     2617  1
     2621  1
     2633  1
     2647  0
     2657  1
     2659  0
     2663  0
     2671  0
     2677  1
     2683  0
     2687  0
     2689  1
     2693  1
     2699  0
     2707  0
     2711  0
     2713  1
     2719  0
     2729  1
     2731  0
     2741  1
     2749  1
     2753  1
     2767  0
     2777  1
     2789  1
     2791  0
     2797  1
     2801  1
     2803  0
     2819  0
     2833  1
     2837  1
     2843  0
     2851  0
     2857  1
     2861  1
     2879  0
     2887  0
     2897  1
     2903  0
     2909  1
     2917  1
     2927  0
     2939  0
     2953  1
     2957  1
     2963  0
     2969  1
     2971  0
     2999  0
     3001  1
     3011  0
     3019  0
     3023  0
     3037  1
     3041  1
     3049  1
     3061  1
     3067  0
     3079  0
     3083  0
     3089  1
     3109  1
     3119  0
     3121  1
     3137  1
     3163  0
     3167  0
     3169  1
     3181  1
     3187  0
     3191  0
     3203  0
     3209  1
     3217  1
     3221  1
     3229  1
     3251  0
     3253  1
     3257  1
     3259  0
     3271  0
     3299  0
     3301  1
     3307  0
     3313  1
     3319  0
     3323  0
     3329  1
     3331  0
     3343  0
     3347  0
     3359  0
     3361  1
     3371  0
     3373  1
     3389  1
     3391  0
     3407  0
     3413  1
     3433  1
     3449  1
     3457  1
     3461  1
     3463  0
     3467  0
     3469  1
     3491  0
     3499  0
     3511  0
     3517  1
     3527  0
     3529  1
     3533  1
     3539  0
     3541  1
     3547  0
     3557  1
     3559  0
     3571  0
     3581  1
     3583  0
     3593  1
     3607  0
     3613  1
     3617  1
     3623  0
     3631  0
     3637  1
     3643  0
     3659  0
     3671  0
     3673  1
     3677  1
     3691  0
     3697  1
     3701  1
     3709  1
     3719  0
     3727  0
     3733  1
     3739  0
     3761  1
     3767  0
     3769  1
     3779  0
     3793  1
     3797  1
     3803  0
     3821  1
     3823  0
     3833  1
     3847  0
     3851  0
     3853  1
     3863  0
     3877  1
     3881  1
     3889  1
     3907  0
     3911  0
     3917  1
     3919  0
     3923  0
     3929  1
     3931  0
     3943  0
     3947  0
     3967  0
     3989  1
     4001  1
     4003  0
     4007  0
     4013  1
     4019  0
     4021  1
     4027  0
     4049  1
     4051  0
     4057  1
     4073  1
     4079  0
     4091  0
     4093  1
     4099  0
     4111  0
     4127  0
     4129  1
     4133  1
     4139  0
     4153  1
     4157  1
     4159  0
     4177  1
     4201  1
     4211  0
     4217  1
     4219  0
     4229  1
     4231  0
     4241  1
     4243  0
     4253  1
     4259  0
     4261  1
     4271  0
     4273  1
     4283  0
     4289  1
     4297  1
     4327  0
     4337  1
     4339  0
     4349  1
     4357  1
     4363  0
     4373  1
     4391  0
     4397  1
     4409  1
     4421  1
     4423  0
     4441  1
     4447  0
     4451  0
     4457  1
     4463  0
     4481  1
     4483  0
     4493  1
     4507  0
     4513  1
     4517  1
     4519  0
     4523  0
     4547  0
     4549  1
     4561  1
     4567  0
     4583  0
     4591  0
     4597  1
     4603  0
     4621  1
     4637  1
     4639  0
     4643  0
     4649  1
     4651  0
     4657  1
     4663  0
     4673  1
     4679  0
     4691  0
     4703  0
     4721  1
     4723  0
     4729  1
     4733  1
     4751  0
     4759  0
     4783  0
     4787  0
     4789  1
     4793  1
     4799  0
     4801  1
     4813  1
     4817  1
     4831  0
     4861  1
     4871  0
     4877  1
     4889  1
     4903  0
     4909  1
     4919  0
     4931  0
     4933  1
     4937  1
     4943  0
     4951  0
     4957  1
     4967  0
     4969  1
     4973  1
     4987  0
     4993  1
     4999  0
     5003  0
     5009  1
     5011  0
     5021  1
     5023  0
     5039  0
     5051  0
     5059  0
     5077  1
     5081  1
     5087  0
     5099  0
     5101  1
     5107  0
     5113  1
     5119  0
     5147  0
     5153  1
     5167  0
     5171  0
     5179  0
     5189  1
     5197  1
     5209  1
     5227  0
     5231  0
     5233  1
     5237  1
     5261  1
     5273  1
     5279  0
     5281  1
     5297  1
     5303  0
     5309  1
     5323  0
     5333  1
     5347  0
     5351  0
     5381  1
     5387  0
     5393  1
     5399  0
     5407  0
     5413  1
     5417  1
     5419  0
     5431  0
     5437  1
     5441  1
     5443  0
     5449  1
     5471  0
     5477  1
     5479  0
     5483  0
     5501  1
     5503  0
     5507  0
     5519  0
     5521  1
     5527  0
     5531  0
     5557  1
     5563  0
     5569  1
     5573  1
     5581  1
     5591  0
     5623  0
     5639  0
     5641  1
     5647  0
     5651  0
     5653  1
     5657  1
     5659  0
     5669  1
     5683  0
     5689  1
     5693  1
     5701  1
     5711  0
     5717  1
     5737  1
     5741  1
     5743  0
     5749  1
     5779  0
     5783  0
     5791  0
     5801  1
     5807  0
     5813  1
     5821  1
     5827  0
     5839  0
     5843  0
     5849  1
     5851  0
     5857  1
     5861  1
     5867  0
     5869  1
     5879  0
     5881  1
     5897  1
     5903  0
     5923  0
     5927  0
     5939  0
     5953  1
     5981  1
     5987  0
     6007  0
     6011  0
     6029  1
     6037  1
     6043  0
     6047  0
     6053  1
     6067  0
     6073  1
     6079  0
     6089  1
     6091  0
     6101  1
     6113  1
     6121  1
     6131  0
     6133  1
     6143  0
     6151  0
     6163  0
     6173  1
     6197  1
     6199  0
     6203  0
     6211  0
     6217  1
     6221  1
     6229  1
     6247  0
     6257  1
     6263  0
     6269  1
     6271  0
     6277  1
     6287  0
     6299  0
     6301  1
     6311  0
     6317  1
     6323  0
     6329  1
     6337  1
     6343  0
     6353  1
     6359  0
     6361  1
     6367  0
     6373  1
     6379  0
     6389  1
     6397  1
     6421  1
     6427  0
     6449  1
     6451  0
     6469  1
     6473  1
     6481  1
     6491  0
     6521  1
     6529  1
     6547  0
     6551  0
     6553  1
     6563  0
     6569  1
     6571  0
     6577  1
     6581  1
     6599  0
     6607  0
     6619  0
     6637  1
     6653  1
     6659  0
     6661  1
     6673  1
     6679  0
     6689  1
     6691  0
     6701  1
     6703  0
     6709  1
     6719  0
     6733  1
     6737  1
     6761  1
     6763  0
     6779  0
     6781  1
     6791  0
     6793  1
     6803  0
     6823  0
     6827  0
     6829  1
     6833  1
     6841  1
     6857  1
     6863  0
     6869  1
     6871  0
     6883  0
     6899  0
     6907  0
     6911  0
     6917  1
     6947  0
     6949  1
     6959  0
     6961  1
     6967  0
     6971  0
     6977  1
     6983  0
     6991  0
     6997  1
     7001  1
     7013  1
     7019  0
     7027  0
     7039  0
     7043  0
     7057  1
     7069  1
     7079  0
     7103  0
     7109  1
     7121  1
     7127  0
     7129  1
     7151  0
     7159  0
     7177  1
     7187  0
     7193  1
     7207  0
     7211  0
     7213  1
     7219  0
     7229  1
     7237  1
     7243  0
     7247  0
     7253  1
     7283  0
     7297  1
     7307  0
     7309  1
     7321  1
     7331  0
     7333  1
     7349  1
     7351  0
     7369  1
     7393  1
     7411  0
     7417  1
     7433  1
     7451  0
     7457  1
     7459  0
     7477  1
     7481  1
     7487  0
     7489  1
     7499  0
     7507  0
     7517  1
     7523  0
     7529  1
     7537  1
     7541  1
     7547  0
     7549  1
     7559  0
     7561  1
     7573  1
     7577  1
     7583  0
     7589  1
     7591  0
     7603  0
     7607  0
     7621  1
     7639  0
     7643  0
     7649  1
     7669  1
     7673  1
     7681  1
     7687  0
     7691  0
     7699  0
     7703  0
     7717  1
     7723  0
     7727  0
     7741  1
     7753  1
     7757  1
     7759  0
     7789  1
     7793  1
     7817  1
     7823  0
     7829  1
     7841  1
     7853  1
     7867  0
     7873  1
     7877  1
     7879  0
     7883  0
     7901  1
     7907  0
     7919  0
     7927  0
     7933  1
     7937  1
     7949  1
     7951  0
     7963  0
     7993  1
     8009  1
     8011  0
     8017  1
     8039  0
     8053  1
     8059  0
     8069  1
     8081  1
     8087  0
     8089  1
     8093  1
     8101  1
     8111  0
     8117  1
     8123  0
     8147  0
     8161  1
     8167  0
     8171  0
     8179  0
     8191  0
     8209  1
     8219  0
     8221  1
     8231  0
     8233  1
     8237  1
     8243  0
     8263  0
     8269  1
     8273  1
     8287  0
     8291  0
     8293  1
     8297  1
     8311  0
     8317  1
     8329  1
     8353  1
     8363  0
     8369  1
     8377  1
     8387  0
     8389  1
     8419  0
     8423  0
     8429  1
     8431  0
     8443  0
     8447  0
     8461  1
     8467  0
     8501  1
     8513  1
     8521  1
     8527  0
     8537  1
     8539  0
     8543  0
     8563  0
     8573  1
     8581  1
     8597  1
     8599  0
     8609  1
     8623  0
     8627  0
     8629  1
     8641  1
     8647  0
     8663  0
     8669  1
     8677  1
     8681  1
     8689  1
     8693  1
     8699  0
     8707  0
     8713  1
     8719  0
     8731  0
     8737  1
     8741  1
     8747  0
     8753  1
     8761  1
     8779  0
     8783  0
     8803  0
     8807  0
     8819  0
     8821  1
     8831  0
     8837  1
     8839  0
     8849  1
     8861  1
     8863  0
     8867  0
     8887  0
     8893  1
     8923  0
     8929  1
     8933  1
     8941  1
     8951  0
     8963  0
     8969  1
     8971  0
     8999  0
     9001  1
     9007  0
     9011  0
     9013  1
     9029  1
     9041  1
     9043  0
     9049  1
     9059  0
     9067  0
     9091  0
     9103  0
     9109  1
     9127  0
     9133  1
     9137  1
     9151  0
     9157  1
     9161  1
     9173  1
     9181  1
     9187  0
     9199  0
     9203  0
     9209  1
     9221  1
     9227  0
     9239  0
     9241  1
     9257  1
     9277  1
     9281  1
     9283  0
     9293  1
     9311  0
     9319  0
     9323  0
     9337  1
     9341  1
     9343  0
     9349  1
     9371  0
     9377  1
     9391  0
     9397  1
     9403  0
     9413  1
     9419  0
     9421  1
     9431  0
     9433  1
     9437  1
     9439  0
     9461  1
     9463  0
     9467  0
     9473  1
     9479  0
     9491  0
     9497  1
     9511  0
     9521  1
     9533  1
     9539  0
     9547  0
     9551  0
     9587  0
     9601  1
     9613  1
     9619  0
     9623  0
     9629  1
     9631  0
     9643  0
     9649  1
     9661  1
     9677  1
     9679  0
     9689  1
     9697  1
     9719  0
     9721  1
     9733  1
     9739  0
     9743  0
     9749  1
     9767  0
     9769  1
     9781  1
     9787  0
     9791  0
     9803  0
     9811  0
     9817  1
     9829  1
     9833  1
     9839  0
     9851  0
     9857  1
     9859  0
     9871  0
     9883  0
     9887  0
     9901  1
     9907  0
     9923  0
     9929  1
     9931  0
     9941  1
     9949  1
     9967  0
     9973  1
    10007  0
    10009  1
    10037  1
    10039  0
    10061  1
    10067  0
    10069  1
    10079  0
    10091  0
    10093  1
    10099  0
    10103  0
    10111  0
    10133  1
    10139  0
    10141  1
    10151  0
    10159  0
    10163  0
    10169  1
    10177  1
    10181  1
    10193  1
    10211  0
    10223  0
    10243  0
    10247  0
    10253  1
    10259  0
    10267  0
    10271  0
    10273  1
    10289  1
    10301  1
    10303  0
    10313  1
    10321  1
    10331  0
    10333  1
    10337  1
    10343  0
    10357  1
    10369  1
    10391  0
    10399  0
    10427  0
    10429  1
    10433  1
    10453  1
    10457  1
    10459  0
    10463  0
    10477  1
    10487  0
    10499  0
    10501  1
    10513  1
    10529  1
    10531  0
    10559  0
    10567  0
    10589  1
    10597  1
    10601  1
    10607  0
    10613  1
    10627  0
    10631  0
    10639  0
    10651  0
    10657  1
    10663  0
    10667  0
    10687  0
    10691  0
    10709  1
    10711  0
    10723  0
    10729  1
    10733  1
    10739  0
    10753  1
    10771  0
    10781  1
    10789  1
    10799  0
    10831  0
    10837  1
    10847  0
    10853  1
    10859  0
    10861  1
    10867  0
    10883  0
    10889  1
    10891  0
    10903  0
    10909  1
    10937  1
    10939  0
    10949  1
    10957  1
    10973  1
    10979  0
    10987  0
    10993  1
    11003  0
    11027  0
    11047  0
    11057  1
    11059  0
    11069  1
    11071  0
    11083  0
    11087  0
    11093  1
    11113  1
    11117  1
    11119  0
    11131  0
    11149  1
    11159  0
    11161  1
    11171  0
    11173  1
    11177  1
    11197  1
    11213  1
    11239  0
    11243  0
    11251  0
    11257  1
    11261  1
    11273  1
    11279  0
    11287  0
    11299  0
    11311  0
    11317  1
    11321  1
    11329  1
    11351  0
    11353  1
    11369  1
    11383  0
    11393  1
    11399  0
    11411  0
    11423  0
    11437  1
    11443  0
    11447  0
    11467  0
    11471  0
    11483  0
    11489  1
    11491  0
    11497  1
    11503  0
    11519  0
    11527  0
    11549  1
    11551  0
    11579  0
    11587  0
    11593  1
    11597  1
    11617  1
    11621  1
    11633  1
    11657  1
    11677  1
    11681  1
    11689  1
    11699  0
    11701  1
    11717  1
    11719  0
    11731  0
    11743  0
    11777  1
    11779  0
    11783  0
    11789  1
    11801  1
    11807  0
    11813  1
    11821  1
    11827  0
    11831  0
    11833  1
    11839  0
    11863  0
    11867  0
    11887  0
    11897  1
    11903  0
    11909  1
    11923  0
    11927  0
    11933  1
    11939  0
    11941  1
    11953  1
    11959  0
    11969  1
    11971  0
    11981  1
    11987  0
    12007  0
    12011  0
    12037  1
    12041  1
    12043  0
    12049  1
    12071  0
    12073  1
    12097  1
    12101  1
    12107  0
    12109  1
    12113  1
    12119  0
    12143  0
    12149  1
    12157  1
    12161  1
    12163  0
    12197  1
    12203  0
    12211  0
    12227  0
    12239  0
    12241  1
    12251  0
    12253  1
    12263  0
    12269  1
    12277  1
    12281  1
    12289  1
    12301  1
    12323  0
    12329  1
    12343  0
    12347  0
    12373  1
    12377  1
    12379  0
    12391  0
    12401  1
    12409  1
    12413  1
    12421  1
    12433  1
    12437  1
    12451  0
    12457  1
    12473  1
    12479  0
    12487  0
    12491  0
    12497  1
    12503  0
    12511  0
    12517  1
    12527  0
    12539  0
    12541  1
    12547  0
    12553  1
    12569  1
    12577  1
    12583  0
    12589  1
    12601  1
    12611  0
    12613  1
    12619  0
    12637  1
    12641  1
    12647  0
    12653  1
    12659  0
    12671  0
    12689  1
    12697  1
    12703  0
    12713  1
    12721  1
    12739  0
    12743  0
    12757  1
    12763  0
    12781  1
    12791  0
    12799  0
    12809  1
    12821  1
    12823  0
    12829  1
    12841  1
    12853  1
    12889  1
    12893  1
    12899  0
    12907  0
    12911  0
    12917  1
    12919  0
    12923  0
    12941  1
    12953  1
    12959  0
    12967  0
    12973  1
    12979  0
    12983  0
    13001  1
    13003  0
    13007  0
    13009  1
    13033  1
    13037  1
    13043  0
    13049  1
    13063  0
    13093  1
    13099  0
    13103  0
    13109  1
    13121  1
    13127  0
    13147  0
    13151  0
    13159  0
    13163  0
    13171  0
    13177  1
    13183  0
    13187  0
    13217  1
    13219  0
    13229  1
    13241  1
    13249  1
    13259  0
    13267  0
    13291  0
    13297  1
    13309  1
    13313  1
    13327  0
    13331  0
    13337  1
    13339  0
    13367  0
    13381  1
    13397  1
    13399  0
    13411  0
    13417  1
    13421  1
    13441  1
    13451  0
    13457  1
    13463  0
    13469  1
    13477  1
    13487  0
    13499  0
    13513  1
    13523  0
    13537  1
    13553  1
    13567  0
    13577  1
    13591  0
    13597  1
    13613  1
    13619  0
    13627  0
    13633  1
    13649  1
    13669  1
    13679  0
    13681  1
    13687  0
    13691  0
    13693  1
    13697  1
    13709  1
    13711  0
    13721  1
    13723  0
    13729  1
    13751  0
    13757  1
    13759  0
    13763  0
    13781  1
    13789  1
    13799  0
    13807  0
    13829  1
    13831  0
    13841  1
    13859  0
    13873  1
    13877  1
    13879  0
    13883  0
    13901  1
    13903  0
    13907  0
    13913  1
    13921  1
    13931  0
    13933  1
    13963  0
    13967  0
    13997  1
    13999  0
    14009  1
    14011  0
    14029  1
    14033  1
    14051  0
    14057  1
    14071  0
    14081  1
    14083  0
    14087  0
    14107  0
    14143  0
    14149  1
    14153  1
    14159  0
    14173  1
    14177  1
    14197  1
    14207  0
    14221  1
    14243  0
    14249  1
    14251  0
    14281  1
    14293  1
    14303  0
    14321  1
    14323  0
    14327  0
    14341  1
    14347  0
    14369  1
    14387  0
    14389  1
    14401  1
    14407  0
    14411  0
    14419  0
    14423  0
    14431  0
    14437  1
    14447  0
    14449  1
    14461  1
    14479  0
    14489  1
    14503  0
    14519  0
    14533  1
    14537  1
    14543  0
    14549  1
    14551  0
    14557  1
    14561  1
    14563  0
    14591  0
    14593  1
    14621  1
    14627  0
    14629  1
    14633  1
    14639  0
    14653  1
    14657  1
    14669  1
    14683  0
    14699  0
    14713  1
    14717  1
    14723  0
    14731  0
    14737  1
    14741  1
    14747  0
    14753  1
    14759  0
    14767  0
    14771  0
    14779  0
    14783  0
    14797  1
    14813  1
    14821  1
    14827  0
    14831  0
    14843  0
    14851  0
    14867  0
    14869  1
    14879  0
    14887  0
    14891  0
    14897  1
    14923  0
    14929  1
    14939  0
    14947  0
    14951  0
    14957  1
    14969  1
    14983  0
    15013  1
    15017  1
    15031  0
    15053  1
    15061  1
    15073  1
    15077  1
    15083  0
    15091  0
    15101  1
    15107  0
    15121  1
    15131  0
    15137  1
    15139  0
    15149  1
    15161  1
    15173  1
    15187  0
    15193  1
    15199  0
    15217  1
    15227  0
    15233  1
    15241  1
    15259  0
    15263  0
    15269  1
    15271  0
    15277  1
    15287  0
    15289  1
    15299  0
    15307  0
    15313  1
    15319  0
    15329  1
    15331  0
    15349  1
    15359  0
    15361  1
    15373  1
    15377  1
    15383  0
    15391  0
    15401  1
    15413  1
    15427  0
    15439  0
    15443  0
    15451  0
    15461  1
    15467  0
    15473  1
    15493  1
    15497  1
    15511  0
    15527  0
    15541  1
    15551  0
    15559  0
    15569  1
    15581  1
    15583  0
    15601  1
    15607  0
    15619  0
    15629  1
    15641  1
    15643  0
    15647  0
    15649  1
    15661  1
    15667  0
    15671  0
    15679  0
    15683  0
    15727  0
    15731  0
    15733  1
    15737  1
    15739  0
    15749  1
    15761  1
    15767  0
    15773  1
    15787  0
    15791  0
    15797  1
    15803  0
    15809  1
    15817  1
    15823  0
    15859  0
    15877  1
    15881  1
    15887  0
    15889  1
    15901  1
    15907  0
    15913  1
    15919  0
    15923  0
    15937  1
    15959  0
    15971  0
    15973  1
    15991  0
    16001  1
    16007  0
    16033  1
    16057  1
    16061  1
    16063  0
    16067  0
    16069  1
    16073  1
    16087  0
    16091  0
    16097  1
    16103  0
    16111  0
    16127  0
    16139  0
    16141  1
    16183  0
    16187  0
    16189  1
    16193  1
    16217  1
    16223  0
    16229  1
    16231  0
    16249  1
    16253  1
    16267  0
    16273  1
    16301  1
    16319  0
    16333  1
    16339  0
    16349  1
    16361  1
    16363  0
    16369  1
    16381  1
    16411  0
    16417  1
    16421  1
    16427  0
    16433  1
    16447  0
    16451  0
    16453  1
    16477  1
    16481  1
    16487  0
    16493  1
    16519  0
    16529  1
    16547  0
    16553  1
    16561  1
    16567  0
    16573  1
    16603  0
    16607  0
    16619  0
    16631  0
    16633  1
    16649  1
    16651  0
    16657  1
    16661  1
    16673  1
    16691  0
    16693  1
    16699  0
    16703  0
    16729  1
    16741  1
    16747  0
    16759  0
    16763  0
    16787  0
    16811  0
    16823  0
    16829  1
    16831  0
    16843  0
    16871  0
    16879  0
    16883  0
    16889  1
    16901  1
    16903  0
    16921  1
    16927  0
    16931  0
    16937  1
    16943  0
    16963  0
    16979  0
    16981  1
    16987  0
    16993  1
    17011  0
    17021  1
    17027  0
    17029  1
    17033  1
    17041  1
    17047  0
    17053  1
    17077  1
    17093  1
    17099  0
    17107  0
    17117  1
    17123  0
    17137  1
    17159  0
    17167  0
    17183  0
    17189  1
    17191  0
    17203  0
    17207  0
    17209  1
    17231  0
    17239  0
    17257  1
    17291  0
    17293  1
    17299  0
    17317  1
    17321  1
    17327  0
    17333  1
    17341  1
    17351  0
    17359  0
    17377  1
    17383  0
    17387  0
    17389  1
    17393  1
    17401  1
    17417  1
    17419  0
    17431  0
    17443  0
    17449  1
    17467  0
    17471  0
    17477  1
    17483  0
    17489  1
    17491  0
    17497  1
    17509  1
    17519  0
    17539  0
    17551  0
    17569  1
    17573  1
    17579  0
    17581  1
    17597  1
    17599  0
    17609  1
    17623  0
    17627  0
    17657  1
    17659  0
    17669  1
    17681  1
    17683  0
    17707  0
    17713  1
    17729  1
    17737  1
    17747  0
    17749  1
    17761  1
    17783  0
    17789  1
    17791  0
    17807  0
    17827  0
    17837  1
    17839  0
    17851  0
    17863  0
    17881  1
    17891  0
    17903  0
    17909  1
    17911  0
    17921  1
    17923  0
    17929  1
    17939  0
    17957  1
    17959  0
    17971  0
    17977  1
    17981  1
    17987  0
    17989  1
    18013  1
    18041  1
    18043  0
    18047  0
    18049  1
    18059  0
    18061  1
    18077  1
    18089  1
    18097  1
    18119  0
    18121  1
    18127  0
    18131  0
    18133  1
    18143  0
    18149  1
    18169  1
    18181  1
    18191  0
    18199  0
    18211  0
    18217  1
    18223  0
    18229  1
    18233  1
    18251  0
    18253  1
    18257  1
    18269  1
    18287  0
    18289  1
    18301  1
    18307  0
    18311  0
    18313  1
    18329  1
    18341  1
    18353  1
    18367  0
    18371  0
    18379  0
    18397  1
    18401  1
    18413  1
    18427  0
    18433  1
    18439  0
    18443  0
    18451  0
    18457  1
    18461  1
    18481  1
    18493  1
    18503  0
    18517  1
    18521  1
    18523  0
    18539  0
    18541  1
    18553  1
    18583  0
    18587  0
    18593  1
    18617  1
    18637  1
    18661  1
    18671  0
    18679  0
    18691  0
    18701  1
    18713  1
    18719  0
    18731  0
    18743  0
    18749  1
    18757  1
    18773  1
    18787  0
    18793  1
    18797  1
    18803  0
    18839  0
    18859  0
    18869  1
    18899  0
    18911  0
    18913  1
    18917  1
    18919  0
    18947  0
    18959  0
    18973  1
    18979  0
    19001  1
    19009  1
    19013  1
    19031  0
    19037  1
    19051  0
    19069  1
    19073  1
    19079  0
    19081  1
    19087  0
    19121  1
    19139  0
    19141  1
    19157  1
    19163  0
    19181  1
    19183  0
    19207  0
    19211  0
    19213  1
    19219  0
    19231  0
    19237  1
    19249  1
    19259  0
    19267  0
    19273  1
    19289  1
    19301  1
    19309  1
    19319  0
    19333  1
    19373  1
    19379  0
    19381  1
    19387  0
    19391  0
    19403  0
    19417  1
    19421  1
    19423  0
    19427  0
    19429  1
    19433  1
    19441  1
    19447  0
    19457  1
    19463  0
    19469  1
    19471  0
    19477  1
    19483  0
    19489  1
    19501  1
    19507  0
    19531  0
    19541  1
    19543  0
    19553  1
    19559  0
    19571  0
    19577  1
    19583  0
    19597  1
    19603  0
    19609  1
    19661  1
    19681  1
    19687  0
    19697  1
    19699  0
    19709  1
    19717  1
    19727  0
    19739  0
    19751  0
    19753  1
    19759  0
    19763  0
    19777  1
    19793  1
    19801  1
    19813  1
    19819  0
    19841  1
    19843  0
    19853  1
    19861  1
    19867  0
    19889  1
    19891  0
    19913  1
    19919  0
    19927  0
    19937  1
    19949  1
    19961  1
    19963  0
    19973  1
    19979  0
    19991  0
    19993  1
    19997  1
    20011  0
    20021  1
    20023  0
    20029  1
    20047  0
    20051  0
    20063  0
    20071  0
    20089  1
    20101  1
    20107  0
    20113  1
    20117  1
    20123  0
    20129  1
    20143  0
    20147  0
    20149  1
    20161  1
    20173  1
    20177  1
    20183  0
    20201  1
    20219  0
    20231  0
    20233  1
    20249  1
    20261  1
    20269  1
    20287  0
    20297  1
    20323  0
    20327  0
    20333  1
    20341  1
    20347  0
    20353  1
    20357  1
    20359  0
    20369  1
    20389  1
    20393  1
    20399  0
    20407  0
    20411  0
    20431  0
    20441  1
    20443  0
    20477  1
    20479  0
    20483  0
    20507  0
    20509  1
    20521  1
    20533  1
    20543  0
    20549  1
    20551  0
    20563  0
    20593  1
    20599  0
    20611  0
    20627  0
    20639  0
    20641  1
    20663  0
    20681  1
    20693  1
    20707  0
    20717  1
    20719  0
    20731  0
    20743  0
    20747  0
    20749  1
    20753  1
    20759  0
    20771  0
    20773  1
    20789  1
    20807  0
    20809  1
    20849  1
    20857  1
    20873  1
    20879  0
    20887  0
    20897  1
    20899  0
    20903  0
    20921  1
    20929  1
    20939  0
    20947  0
    20959  0
    20963  0
    20981  1
    20983  0
    21001  1
    21011  0
    21013  1
    21017  1
    21019  0
    21023  0
    21031  0
    21059  0
    21061  1
    21067  0
    21089  1
    21101  1
    21107  0
    21121  1
    21139  0
    21143  0
    21149  1
    21157  1
    21163  0
    21169  1
    21179  0
    21187  0
    21191  0
    21193  1
    21211  0
    21221  1
    21227  0
    21247  0
    21269  1
    21277  1
    21283  0
    21313  1
    21317  1
    21319  0
    21323  0
    21341  1
    21347  0
    21377  1
    21379  0
    21383  0
    21391  0
    21397  1
    21401  1
    21407  0
    21419  0
    21433  1
    21467  0
    21481  1
    21487  0
    21491  0
    21493  1
    21499  0
    21503  0
    21517  1
    21521  1
    21523  0
    21529  1
    21557  1
    21559  0
    21563  0
    21569  1
    21577  1
    21587  0
    21589  1
    21599  0
    21601  1
    21611  0
    21613  1
    21617  1
    21647  0
    21649  1
    21661  1
    21673  1
    21683  0
    21701  1
    21713  1
    21727  0
    21737  1
    21739  0
    21751  0
    21757  1
    21767  0
    21773  1
    21787  0
    21799  0
    21803  0
    21817  1
    21821  1
    21839  0
    21841  1
    21851  0
    21859  0
    21863  0
    21871  0
    21881  1
    21893  1
    21911  0
    21929  1
    21937  1
    21943  0
    21961  1
    21977  1
    21991  0
    21997  1
    22003  0
    22013  1
    22027  0
    22031  0
    22037  1
    22039  0
    22051  0
    22063  0
    22067  0
    22073  1
    22079  0
    22091  0
    22093  1
    22109  1
    22111  0
    22123  0
    22129  1
    22133  1
    22147  0
    22153  1
    22157  1
    22159  0
    22171  0
    22189  1
    22193  1
    22229  1
    22247  0
    22259  0
    22271  0
    22273  1
    22277  1
    22279  0
    22283  0
    22291  0
    22303  0
    22307  0
    22343  0
    22349  1
    22367  0
    22369  1
    22381  1
    22391  0
    22397  1
    22409  1
    22433  1
    22441  1
    22447  0
    22453  1
    22469  1
    22481  1
    22483  0
    22501  1
    22511  0
    22531  0
    22541  1
    22543  0
    22549  1
    22567  0
    22571  0
    22573  1
    22613  1
    22619  0
    22621  1
    22637  1
    22639  0
    22643  0
    22651  0
    22669  1
    22679  0
    22691  0
    22697  1
    22699  0
    22709  1
    22717  1
    22721  1
    22727  0
    22739  0
    22741  1
    22751  0
    22769  1
    22777  1
    22783  0
    22787  0
    22807  0
    22811  0
    22817  1
    22853  1
    22859  0
    22861  1
    22871  0
    22877  1
    22901  1
    22907  0
    22921  1
    22937  1
    22943  0
    22961  1
    22963  0
    22973  1
    22993  1
    23003  0
    23011  0
    23017  1
    23021  1
    23027  0
    23029  1
    23039  0
    23041  1
    23053  1
    23057  1
    23059  0
    23063  0
    23071  0
    23081  1
    23087  0
    23099  0
    23117  1
    23131  0
    23143  0
    23159  0
    23167  0
    23173  1
    23189  1
    23197  1
    23201  1
    23203  0
    23209  1
    23227  0
    23251  0
    23269  1
    23279  0
    23291  0
    23293  1
    23297  1
    23311  0
    23321  1
    23327  0
    23333  1
    23339  0
    23357  1
    23369  1
    23371  0
    23399  0
    23417  1
    23431  0
    23447  0
    23459  0
    23473  1
    23497  1
    23509  1
    23531  0
    23537  1
    23539  0
    23549  1
    23557  1
    23561  1
    23563  0
    23567  0
    23581  1
    23593  1
    23599  0
    23603  0
    23609  1
    23623  0
    23627  0
    23629  1
    23633  1
    23663  0
    23669  1
    23671  0
    23677  1
    23687  0
    23689  1
    23719  0
    23741  1
    23743  0
    23747  0
    23753  1
    23761  1
    23767  0
    23773  1
    23789  1
    23801  1
    23813  1
    23819  0
    23827  0
    23831  0
    23833  1
    23857  1
    23869  1
    23873  1
    23879  0
    23887  0
    23893  1
    23899  0
    23909  1
    23911  0
    23917  1
    23929  1
    23957  1
    23971  0
    23977  1
    23981  1
    23993  1
    24001  1
    24007  0
    24019  0
    24023  0
    24029  1
    24043  0
    24049  1
    24061  1
    24071  0
    24077  1
    24083  0
    24091  0
    24097  1
    24103  0
    24107  0
    24109  1
    24113  1
    24121  1
    24133  1
    24137  1
    24151  0
    24169  1
    24179  0
    24181  1
    24197  1
    24203  0
    24223  0
    24229  1
    24239  0
    24247  0
    24251  0
    24281  1
    24317  1
    24329  1
    24337  1
    24359  0
    24371  0
    24373  1
    24379  0
    24391  0
    24407  0
    24413  1
    24419  0
    24421  1
    24439  0
    24443  0
    24469  1
    24473  1
    24481  1
    24499  0
    24509  1
    24517  1
    24527  0
    24533  1
    24547  0
    24551  0
    24571  0
    24593  1
    24611  0
    24623  0
    24631  0
    24659  0
    24671  0
    24677  1
    24683  0
    24691  0
    24697  1
    24709  1
    24733  1
    24749  1
    24763  0
    24767  0
    24781  1
    24793  1
    24799  0
    24809  1
    24821  1
    24841  1
    24847  0
    24851  0
    24859  0
    24877  1
    24889  1
    24907  0
    24917  1
    24919  0
    24923  0
    24943  0
    24953  1
    24967  0
    24971  0
    24977  1
    24979  0
    24989  1
    25013  1
    25031  0
    25033  1
    25037  1
    25057  1
    25073  1
    25087  0
    25097  1
    25111  0
    25117  1
    25121  1
    25127  0
    25147  0
    25153  1
    25163  0
    25169  1
    25171  0
    25183  0
    25189  1
    25219  0
    25229  1
    25237  1
    25243  0
    25247  0
    25253  1
    25261  1
    25301  1
    25303  0
    25307  0
    25309  1
    25321  1
    25339  0
    25343  0
    25349  1
    25357  1
    25367  0
    25373  1
    25391  0
    25409  1
    25411  0
    25423  0
    25439  0
    25447  0
    25453  1
    25457  1
    25463  0
    25469  1
    25471  0
    25523  0
    25537  1
    25541  1
    25561  1
    25577  1
    25579  0
    25583  0
    25589  1
    25601  1
    25603  0
    25609  1
    25621  1
    25633  1
    25639  0
    25643  0
    25657  1
    25667  0
    25673  1
    25679  0
    25693  1
    25703  0
    25717  1
    25733  1
    25741  1
    25747  0
    25759  0
    25763  0
    25771  0
    25793  1
    25799  0
    25801  1
    25819  0
    25841  1
    25847  0
    25849  1
    25867  0
    25873  1
    25889  1
    25903  0
    25913  1
    25919  0
    25931  0
    25933  1
    25939  0
    25943  0
    25951  0
    25969  1
    25981  1
    25997  1
    25999  0
    26003  0
    26017  1
    26021  1
    26029  1
    26041  1
    26053  1
    26083  0
    26099  0
    26107  0
    26111  0
    26113  1
    26119  0
    26141  1
    26153  1
    26161  1
    26171  0
    26177  1
    26183  0
    26189  1
    26203  0
    26209  1
    26227  0
    26237  1
    26249  1
    26251  0
    26261  1
    26263  0
    26267  0
    26293  1
    26297  1
    26309  1
    26317  1
    26321  1
    26339  0
    26347  0
    26357  1
    26371  0
    26387  0
    26393  1
    26399  0
    26407  0
    26417  1
    26423  0
    26431  0
    26437  1
    26449  1
    26459  0
    26479  0
    26489  1
    26497  1
    26501  1
    26513  1
    26539  0
    26557  1
    26561  1
    26573  1
    26591  0
    26597  1
    26627  0
    26633  1
    26641  1
    26647  0
    26669  1
    26681  1
    26683  0
    26687  0
    26693  1
    26699  0
    26701  1
    26711  0
    26713  1
    26717  1
    26723  0
    26729  1
    26731  0
    26737  1
    26759  0
    26777  1
    26783  0
    26801  1
    26813  1
    26821  1
    26833  1
    26839  0
    26849  1
    26861  1
    26863  0
    26879  0
    26881  1
    26891  0
    26893  1
    26903  0
    26921  1
    26927  0
    26947  0
    26951  0
    26953  1
    26959  0
    26981  1
    26987  0
    26993  1
    27011  0
    27017  1
    27031  0
    27043  0
    27059  0
    27061  1
    27067  0
    27073  1
    27077  1
    27091  0
    27103  0
    27107  0
    27109  1
    27127  0
    27143  0
    27179  0
    27191  0
    27197  1
    27211  0
    27239  0
    27241  1
    27253  1
    27259  0
    27271  0
    27277  1
    27281  1
    27283  0
    27299  0
    27329  1
    27337  1
    27361  1
    27367  0
    27397  1
    27407  0
    27409  1
    27427  0
    27431  0
    27437  1
    27449  1
    27457  1
    27479  0
    27481  1
    27487  0
    27509  1
    27527  0
    27529  1
    27539  0
    27541  1
    27551  0
    27581  1
    27583  0
    27611  0
    27617  1
    27631  0
    27647  0
    27653  1
    27673  1
    27689  1
    27691  0
    27697  1
    27701  1
    27733  1
    27737  1
    27739  0
    27743  0
    27749  1
    27751  0
    27763  0
    27767  0
    27773  1
    27779  0
    27791  0
    27793  1
    27799  0
    27803  0
    27809  1
    27817  1
    27823  0
    27827  0
    27847  0
    27851  0
    27883  0
    27893  1
    27901  1
    27917  1
    27919  0
    27941  1
    27943  0
    27947  0
    27953  1
    27961  1
    27967  0
    27983  0
    27997  1
    28001  1
    28019  0
    28027  0
    28031  0
    28051  0
    28057  1
    28069  1
    28081  1
    28087  0
    28097  1
    28099  0
    28109  1
    28111  0
    28123  0
    28151  0
    28163  0
    28181  1
    28183  0
    28201  1
    28211  0
    28219  0
    28229  1
    28277  1
    28279  0
    28283  0
    28289  1
    28297  1
    28307  0
    28309  1
    28319  0
    28349  1
    28351  0
    28387  0
    28393  1
    28403  0
    28409  1
    28411  0
    28429  1
    28433  1
    28439  0
    28447  0
    28463  0
    28477  1
    28493  1
    28499  0
    28513  1
    28517  1
    28537  1
    28541  1
    28547  0
    28549  1
    28559  0
    28571  0
    28573  1
    28579  0
    28591  0
    28597  1
    28603  0
    28607  0
    28619  0
    28621  1
    28627  0
    28631  0
    28643  0
    28649  1
    28657  1
    28661  1
    28663  0
    28669  1
    28687  0
    28697  1
    28703  0
    28711  0
    28723  0
    28729  1
    28751  0
    28753  1
    28759  0
    28771  0
    28789  1
    28793  1
    28807  0
    28813  1
    28817  1
    28837  1
    28843  0
    28859  0
    28867  0
    28871  0
    28879  0
    28901  1
    28909  1
    28921  1
    28927  0
    28933  1
    28949  1
    28961  1
    28979  0
    29009  1
    29017  1
    29021  1
    29023  0
    29027  0
    29033  1
    29059  0
    29063  0
    29077  1
    29101  1
    29123  0
    29129  1
    29131  0
    29137  1
    29147  0
    29153  1
    29167  0
    29173  1
    29179  0
    29191  0
    29201  1
    29207  0
    29209  1
    29221  1
    29231  0
    29243  0
    29251  0
    29269  1
    29287  0
    29297  1
    29303  0
    29311  0
    29327  0
    29333  1
    29339  0
    29347  0
    29363  0
    29383  0
    29387  0
    29389  1
    29399  0
    29401  1
    29411  0
    29423  0
    29429  1
    29437  1
    29443  0
    29453  1
    29473  1
    29483  0
    29501  1
    29527  0
    29531  0
    29537  1
    29567  0
    29569  1
    29573  1
    29581  1
    29587  0
    29599  0
    29611  0
    29629  1
    29633  1
    29641  1
    29663  0
    29669  1
    29671  0
    29683  0
    29717  1
    29723  0
    29741  1
    29753  1
    29759  0
    29761  1
    29789  1
    29803  0
    29819  0
    29833  1
    29837  1
    29851  0
    29863  0
    29867  0
    29873  1
    29879  0
    29881  1
    29917  1
    29921  1
    29927  0
    29947  0
    29959  0
    29983  0
    29989  1
    30011  0
    30013  1
    30029  1
    30047  0
    30059  0
    30071  0
    30089  1
    30091  0
    30097  1
    30103  0
    30109  1
    30113  1
    30119  0
    30133  1
    30137  1
    30139  0
    30161  1
    30169  1
    30181  1
    30187  0
    30197  1
    30203  0
    30211  0
    30223  0
    30241  1
    30253  1
    30259  0
    30269  1
    30271  0
    30293  1
    30307  0
    30313  1
    30319  0
    30323  0
    30341  1
    30347  0
    30367  0
    30389  1
    30391  0
    30403  0
    30427  0
    30431  0
    30449  1
    30467  0
    30469  1
    30491  0
    30493  1
    30497  1
    30509  1
    30517  1
    30529  1
    30539  0
    30553  1
    30557  1
    30559  0
    30577  1
    30593  1
    30631  0
    30637  1
    30643  0
    30649  1
    30661  1
    30671  0
    30677  1
    30689  1
    30697  1
    30703  0
    30707  0
    30713  1
    30727  0
    30757  1
    30763  0
    30773  1
    30781  1
    30803  0
    30809  1
    30817  1
    30829  1
    30839  0
    30841  1
    30851  0
    30853  1
    30859  0
    30869  1
    30871  0
    30881  1
    30893  1
    30911  0
    30931  0
    30937  1
    30941  1
    30949  1
    30971  0
    30977  1
    30983  0
    31013  1
    31019  0
    31033  1
    31039  0
    31051  0
    31063  0
    31069  1
    31079  0
    31081  1
    31091  0
    31121  1
    31123  0
    31139  0
    31147  0
    31151  0
    31153  1
    31159  0
    31177  1
    31181  1
    31183  0
    31189  1
    31193  1
    31219  0
    31223  0
    31231  0
    31237  1
    31247  0
    31249  1
    31253  1
    31259  0
    31267  0
    31271  0
    31277  1
    31307  0
    31319  0
    31321  1
    31327  0
    31333  1
    31337  1
    31357  1
    31379  0
    31387  0
    31391  0
    31393  1
    31397  1
    31469  1
    31477  1
    31481  1
    31489  1
    31511  0
    31513  1
    31517  1
    31531  0
    31541  1
    31543  0
    31547  0
    31567  0
    31573  1
    31583  0
    31601  1
    31607  0
    31627  0
    31643  0
    31649  1
    31657  1
    31663  0
    31667  0
    31687  0
    31699  0
    31721  1
    31723  0
    31727  0
    31729  1
    31741  1
    31751  0
    31769  1
    31771  0
    31793  1
    31799  0
    31817  1
    31847  0
    31849  1
    31859  0
    31873  1
    31883  0
    31891  0
    31907  0
    31957  1
    31963  0
    31973  1
    31981  1
    31991  0
    32003  0
    32009  1
    32027  0
    32029  1
    32051  0
    32057  1
    32059  0
    32063  0
    32069  1
    32077  1
    32083  0
    32089  1
    32099  0
    32117  1
    32119  0
    32141  1
    32143  0
    32159  0
    32173  1
    32183  0
    32189  1
    32191  0
    32203  0
    32213  1
    32233  1
    32237  1
    32251  0
    32257  1
    32261  1
    32297  1
    32299  0
    32303  0
    32309  1
    32321  1
    32323  0
    32327  0
    32341  1
    32353  1
    32359  0
    32363  0
    32369  1
    32371  0
    32377  1
    32381  1
    32401  1
    32411  0
    32413  1
    32423  0
    32429  1
    32441  1
    32443  0
    32467  0
    32479  0
    32491  0
    32497  1
    32503  0
    32507  0
    32531  0
    32533  1
    32537  1
    32561  1
    32563  0
    32569  1
    32573  1
    32579  0
    32587  0
    32603  0
    32609  1
    32611  0
    32621  1
    32633  1
    32647  0
    32653  1
    32687  0
    32693  1
    32707  0
    32713  1
    32717  1
    32719  0
    32749  1
    32771  0
    32779  0
    32783  0
    32789  1
    32797  1
    32801  1
    32803  0
    32831  0
    32833  1
    32839  0
    32843  0
    32869  1
    32887  0
    32909  1
    32911  0
    32917  1
    32933  1
    32939  0
    32941  1
    32957  1
    32969  1
    32971  0
    32983  0
    32987  0
    32993  1
    32999  0
    33013  1
    33023  0
    33029  1
    33037  1
    33049  1
    33053  1
    33071  0
    33073  1
    33083  0
    33091  0
    33107  0
    33113  1
    33119  0
    33149  1
    33151  0
    33161  1
    33179  0
    33181  1
    33191  0
    33199  0
    33203  0
    33211  0
    33223  0
    33247  0
    33287  0
    33289  1
    33301  1
    33311  0
    33317  1
    33329  1
    33331  0
    33343  0
    33347  0
    33349  1
    33353  1
    33359  0
    33377  1
    33391  0
    33403  0
    33409  1
    33413  1
    33427  0
    33457  1
    33461  1
    33469  1
    33479  0
    33487  0
    33493  1
    33503  0
    33521  1
    33529  1
    33533  1
    33547  0
    33563  0
    33569  1
    33577  1
    33581  1
    33587  0
    33589  1
    33599  0
    33601  1
    33613  1
    33617  1
    33619  0
    33623  0
    33629  1
    33637  1
    33641  1
    33647  0
    33679  0
    33703  0
    33713  1
    33721  1
    33739  0
    33749  1
    33751  0
    33757  1
    33767  0
    33769  1
    33773  1
    33791  0
    33797  1
    33809  1
    33811  0
    33827  0
    33829  1
    33851  0
    33857  1
    33863  0
    33871  0
    33889  1
    33893  1
    33911  0
    33923  0
    33931  0
    33937  1
    33941  1
    33961  1
    33967  0
    33997  1
    34019  0
    34031  0
    34033  1
    34039  0
    34057  1
    34061  1
    34123  0
    34127  0
    34129  1
    34141  1
    34147  0
    34157  1
    34159  0
    34171  0
    34183  0
    34211  0
    34213  1
    34217  1
    34231  0
    34253  1
    34259  0
    34261  1
    34267  0
    34273  1
    34283  0
    34297  1
    34301  1
    34303  0
    34313  1
    34319  0
    34327  0
    34337  1
    34351  0
    34361  1
    34367  0
    34369  1
    34381  1
    34403  0
    34421  1
    34429  1
    34439  0
    34457  1
    34469  1
    34471  0
    34483  0
    34487  0
    34499  0
    34501  1
    34511  0
    34513  1
    34519  0
    34537  1
    34543  0
    34549  1
    34583  0
    34589  1
    34591  0
    34603  0
    34607  0
    34613  1
    34631  0
    34649  1
    34651  0
    34667  0
    34673  1
    34679  0
    34687  0
    34693  1
    34703  0
    34721  1
    34729  1
    34739  0
    34747  0
    34757  1
    34759  0
    34763  0
    34781  1
    34807  0
    34819  0
    34841  1
    34843  0
    34847  0
    34849  1
    34871  0
    34877  1
    34883  0
    34897  1
    34913  1
    34919  0
    34939  0
    34949  1
    34961  1
    34963  0
    34981  1
    35023  0
    35027  0
    35051  0
    35053  1
    35059  0
    35069  1
    35081  1
    35083  0
    35089  1
    35099  0
    35107  0
    35111  0
    35117  1
    35129  1
    35141  1
    35149  1
    35153  1
    35159  0
    35171  0
    35201  1
    35221  1
    35227  0
    35251  0
    35257  1
    35267  0
    35279  0
    35281  1
    35291  0
    35311  0
    35317  1
    35323  0
    35327  0
    35339  0
    35353  1
    35363  0
    35381  1
    35393  1
    35401  1
    35407  0
    35419  0
    35423  0
    35437  1
    35447  0
    35449  1
    35461  1
    35491  0
    35507  0
    35509  1
    35521  1
    35527  0
    35531  0
    35533  1
    35537  1
    35543  0
    35569  1
    35573  1
    35591  0
    35593  1
    35597  1
    35603  0
    35617  1
    35671  0
    35677  1
    35729  1
    35731  0
    35747  0
    35753  1
    35759  0
    35771  0
    35797  1
    35801  1
    35803  0
    35809  1
    35831  0
    35837  1
    35839  0
    35851  0
    35863  0
    35869  1
    35879  0
    35897  1
    35899  0
    35911  0
    35923  0
    35933  1
    35951  0
    35963  0
    35969  1
    35977  1
    35983  0
    35993  1
    35999  0
    36007  0
    36011  0
    36013  1
    36017  1
    36037  1
    36061  1
    36067  0
    36073  1
    36083  0
    36097  1
    36107  0
    36109  1
    36131  0
    36137  1
    36151  0
    36161  1
    36187  0
    36191  0
    36209  1
    36217  1
    36229  1
    36241  1
    36251  0
    36263  0
    36269  1
    36277  1
    36293  1
    36299  0
    36307  0
    36313  1
    36319  0
    36341  1
    36343  0
    36353  1
    36373  1
    36383  0
    36389  1
    36433  1
    36451  0
    36457  1
    36467  0
    36469  1
    36473  1
    36479  0
    36493  1
    36497  1
    36523  0
    36527  0
    36529  1
    36541  1
    36551  0
    36559  0
    36563  0
    36571  0
    36583  0
    36587  0
    36599  0
    36607  0
    36629  1
    36637  1
    36643  0
    36653  1
    36671  0
    36677  1
    36683  0
    36691  0
    36697  1
    36709  1
    36713  1
    36721  1
    36739  0
    36749  1
    36761  1
    36767  0
    36779  0
    36781  1
    36787  0
    36791  0
    36793  1
    36809  1
    36821  1
    36833  1
    36847  0
    36857  1
    36871  0
    36877  1
    36887  0
    36899  0
    36901  1
    36913  1
    36919  0
    36923  0
    36929  1
    36931  0
    36943  0
    36947  0
    36973  1
    36979  0
    36997  1
    37003  0
    37013  1
    37019  0
    37021  1
    37039  0
    37049  1
    37057  1
    37061  1
    37087  0
    37097  1
    37117  1
    37123  0
    37139  0
    37159  0
    37171  0
    37181  1
    37189  1
    37199  0
    37201  1
    37217  1
    37223  0
    37243  0
    37253  1
    37273  1
    37277  1
    37307  0
    37309  1
    37313  1
    37321  1
    37337  1
    37339  0
    37357  1
    37361  1
    37363  0
    37369  1
    37379  0
    37397  1
    37409  1
    37423  0
    37441  1
    37447  0
    37463  0
    37483  0
    37489  1
    37493  1
    37501  1
    37507  0
    37511  0
    37517  1
    37529  1
    37537  1
    37547  0
    37549  1
    37561  1
    37567  0
    37571  0
    37573  1
    37579  0
    37589  1
    37591  0
    37607  0
    37619  0
    37633  1
    37643  0
    37649  1
    37657  1
    37663  0
    37691  0
    37693  1
    37699  0
    37717  1
    37747  0
    37781  1
    37783  0
    37799  0
    37811  0
    37813  1
    37831  0
    37847  0
    37853  1
    37861  1
    37871  0
    37879  0
    37889  1
    37897  1
    37907  0
    37951  0
    37957  1
    37963  0
    37967  0
    37987  0
    37991  0
    37993  1
    37997  1
    38011  0
    38039  0
    38047  0
    38053  1
    38069  1
    38083  0
    38113  1
    38119  0
    38149  1
    38153  1
    38167  0
    38177  1
    38183  0
    38189  1
    38197  1
    38201  1
    38219  0
    38231  0
    38237  1
    38239  0
    38261  1
    38273  1
    38281  1
    38287  0
    38299  0
    38303  0
    38317  1
    38321  1
    38327  0
    38329  1
    38333  1
    38351  0
    38371  0
    38377  1
    38393  1
    38431  0
    38447  0
    38449  1
    38453  1
    38459  0
    38461  1
    38501  1
    38543  0
    38557  1
    38561  1
    38567  0
    38569  1
    38593  1
    38603  0
    38609  1
    38611  0
    38629  1
    38639  0
    38651  0
    38653  1
    38669  1
    38671  0
    38677  1
    38693  1
    38699  0
    38707  0
    38711  0
    38713  1
    38723  0
    38729  1
    38737  1
    38747  0
    38749  1
    38767  0
    38783  0
    38791  0
    38803  0
    38821  1
    38833  1
    38839  0
    38851  0
    38861  1
    38867  0
    38873  1
    38891  0
    38903  0
    38917  1
    38921  1
    38923  0
    38933  1
    38953  1
    38959  0
    38971  0
    38977  1
    38993  1
    39019  0
    39023  0
    39041  1
    39043  0
    39047  0
    39079  0
    39089  1
    39097  1
    39103  0
    39107  0
    39113  1
    39119  0
    39133  1
    39139  0
    39157  1
    39161  1
    39163  0
    39181  1
    39191  0
    39199  0
    39209  1
    39217  1
    39227  0
    39229  1
    39233  1
    39239  0
    39241  1
    39251  0
    39293  1
    39301  1
    39313  1
    39317  1
    39323  0
    39341  1
    39343  0
    39359  0
    39367  0
    39371  0
    39373  1
    39383  0
    39397  1
    39409  1
    39419  0
    39439  0
    39443  0
    39451  0
    39461  1
    39499  0
    39503  0
    39509  1
    39511  0
    39521  1
    39541  1
    39551  0
    39563  0
    39569  1
    39581  1
    39607  0
    39619  0
    39623  0
    39631  0
    39659  0
    39667  0
    39671  0
    39679  0
    39703  0
    39709  1
    39719  0
    39727  0
    39733  1
    39749  1
    39761  1
    39769  1
    39779  0
    39791  0
    39799  0
    39821  1
    39827  0
    39829  1
    39839  0
    39841  1
    39847  0
    39857  1
    39863  0
    39869  1
    39877  1
    39883  0
    39887  0
    39901  1
    39929  1
    39937  1
    39953  1
    39971  0
    39979  0
    39983  0
    39989  1
    40009  1
    40013  1
    40031  0
    40037  1
    40039  0
    40063  0
    40087  0
    40093  1
    40099  0
    40111  0
    40123  0
    40127  0
    40129  1
    40151  0
    40153  1
    40163  0
    40169  1
    40177  1
    40189  1
    40193  1
    40213  1
    40231  0
    40237  1
    40241  1
    40253  1
    40277  1
    40283  0
    40289  1
    40343  0
    40351  0
    40357  1
    40361  1
    40387  0
    40423  0
    40427  0
    40429  1
    40433  1
    40459  0
    40471  0
    40483  0
    40487  0
    40493  1
    40499  0
    40507  0
    40519  0
    40529  1
    40531  0
    40543  0
    40559  0
    40577  1
    40583  0
    40591  0
    40597  1
    40609  1
    40627  0
    40637  1
    40639  0
    40693  1
    40697  1
    40699  0
    40709  1
    40739  0
    40751  0
    40759  0
    40763  0
    40771  0
    40787  0
    40801  1
    40813  1
    40819  0
    40823  0
    40829  1
    40841  1
    40847  0
    40849  1
    40853  1
    40867  0
    40879  0
    40883  0
    40897  1
    40903  0
    40927  0
    40933  1
    40939  0
    40949  1
    40961  1
    40973  1
    40993  1
    41011  0
    41017  1
    41023  0
    41039  0
    41047  0
    41051  0
    41057  1
    41077  1
    41081  1
    41113  1
    41117  1
    41131  0
    41141  1
    41143  0
    41149  1
    41161  1
    41177  1
    41179  0
    41183  0
    41189  1
    41201  1
    41203  0
    41213  1
    41221  1
    41227  0
    41231  0
    41233  1
    41243  0
    41257  1
    41263  0
    41269  1
    41281  1
    41299  0
    41333  1
    41341  1
    41351  0
    41357  1
    41381  1
    41387  0
    41389  1
    41399  0
    41411  0
    41413  1
    41443  0
    41453  1
    41467  0
    41479  0
    41491  0
    41507  0
    41513  1
    41519  0
    41521  1
    41539  0
    41543  0
    41549  1
    41579  0
    41593  1
    41597  1
    41603  0
    41609  1
    41611  0
    41617  1
    41621  1
    41627  0
    41641  1
    41647  0
    41651  0
    41659  0
    41669  1
    41681  1
    41687  0
    41719  0
    41729  1
    41737  1
    41759  0
    41761  1
    41771  0
    41777  1
    41801  1
    41809  1
    41813  1
    41843  0
    41849  1
    41851  0
    41863  0
    41879  0
    41887  0
    41893  1
    41897  1
    41903  0
    41911  0
    41927  0
    41941  1
    41947  0
    41953  1
    41957  1
    41959  0
    41969  1
    41981  1
    41983  0
    41999  0
    42013  1
    42017  1
    42019  0
    42023  0
    42043  0
    42061  1
    42071  0
    42073  1
    42083  0
    42089  1
    42101  1
    42131  0
    42139  0
    42157  1
    42169  1
    42179  0
    42181  1
    42187  0
    42193  1
    42197  1
    42209  1
    42221  1
    42223  0
    42227  0
    42239  0
    42257  1
    42281  1
    42283  0
    42293  1
    42299  0
    42307  0
    42323  0
    42331  0
    42337  1
    42349  1
    42359  0
    42373  1
    42379  0
    42391  0
    42397  1
    42403  0
    42407  0
    42409  1
    42433  1
    42437  1
    42443  0
    42451  0
    42457  1
    42461  1
    42463  0
    42467  0
    42473  1
    42487  0
    42491  0
    42499  0
    42509  1
    42533  1
    42557  1
    42569  1
    42571  0
    42577  1
    42589  1
    42611  0
    42641  1
    42643  0
    42649  1
    42667  0
    42677  1
    42683  0
    42689  1
    42697  1
    42701  1
    42703  0
    42709  1
    42719  0
    42727  0
    42737  1
    42743  0
    42751  0
    42767  0
    42773  1
    42787  0
    42793  1
    42797  1
    42821  1
    42829  1
    42839  0
    42841  1
    42853  1
    42859  0
    42863  0
    42899  0
    42901  1
    42923  0
    42929  1
    42937  1
    42943  0
    42953  1
    42961  1
    42967  0
    42979  0
    42989  1
    43003  0
    43013  1
    43019  0
    43037  1
    43049  1
    43051  0
    43063  0
    43067  0
    43093  1
    43103  0
    43117  1
    43133  1
    43151  0
    43159  0
    43177  1
    43189  1
    43201  1
    43207  0
    43223  0
    43237  1
    43261  1
    43271  0
    43283  0
    43291  0
    43313  1
    43319  0
    43321  1
    43331  0
    43391  0
    43397  1
    43399  0
    43403  0
    43411  0
    43427  0
    43441  1
    43451  0
    43457  1
    43481  1
    43487  0
    43499  0
    43517  1
    43541  1
    43543  0
    43573  1
    43577  1
    43579  0
    43591  0
    43597  1
    43607  0
    43609  1
    43613  1
    43627  0
    43633  1
    43649  1
    43651  0
    43661  1
    43669  1
    43691  0
    43711  0
    43717  1
    43721  1
    43753  1
    43759  0
    43777  1
    43781  1
    43783  0
    43787  0
    43789  1
    43793  1
    43801  1
    43853  1
    43867  0
    43889  1
    43891  0
    43913  1
    43933  1
    43943  0
    43951  0
    43961  1
    43963  0
    43969  1
    43973  1
    43987  0
    43991  0
    43997  1
    44017  1
    44021  1
    44027  0
    44029  1
    44041  1
    44053  1
    44059  0
    44071  0
    44087  0
    44089  1
    44101  1
    44111  0
    44119  0
    44123  0
    44129  1
    44131  0
    44159  0
    44171  0
    44179  0
    44189  1
    44201  1
    44203  0
    44207  0
    44221  1
    44249  1
    44257  1
    44263  0
    44267  0
    44269  1
    44273  1
    44279  0
    44281  1
    44293  1
    44351  0
    44357  1
    44371  0
    44381  1
    44383  0
    44389  1
    44417  1
    44449  1
    44453  1
    44483  0
    44491  0
    44497  1
    44501  1
    44507  0
    44519  0
    44531  0
    44533  1
    44537  1
    44543  0
    44549  1
    44563  0
    44579  0
    44587  0
    44617  1
    44621  1
    44623  0
    44633  1
    44641  1
    44647  0
    44651  0
    44657  1
    44683  0
    44687  0
    44699  0
    44701  1
    44711  0
    44729  1
    44741  1
    44753  1
    44771  0
    44773  1
    44777  1
    44789  1
    44797  1
    44809  1
    44819  0
    44839  0
    44843  0
    44851  0
    44867  0
    44879  0
    44887  0
    44893  1
    44909  1
    44917  1
    44927  0
    44939  0
    44953  1
    44959  0
    44963  0
    44971  0
    44983  0
    44987  0
    45007  0
    45013  1
    45053  1
    45061  1
    45077  1
    45083  0
    45119  0
    45121  1
    45127  0
    45131  0
    45137  1
    45139  0
    45161  1
    45179  0
    45181  1
    45191  0
    45197  1
    45233  1
    45247  0
    45259  0
    45263  0
    45281  1
    45289  1
    45293  1
    45307  0
    45317  1
    45319  0
    45329  1
    45337  1
    45341  1
    45343  0
    45361  1
    45377  1
    45389  1
    45403  0
    45413  1
    45427  0
    45433  1
    45439  0
    45481  1
    45491  0
    45497  1
    45503  0
    45523  0
    45533  1
    45541  1
    45553  1
    45557  1
    45569  1
    45587  0
    45589  1
    45599  0
    45613  1
    45631  0
    45641  1
    45659  0
    45667  0
    45673  1
    45677  1
    45691  0
    45697  1
    45707  0
    45737  1
    45751  0
    45757  1
    45763  0
    45767  0
    45779  0
    45817  1
    45821  1
    45823  0
    45827  0
    45833  1
    45841  1
    45853  1
    45863  0
    45869  1
    45887  0
    45893  1
    45943  0
    45949  1
    45953  1
    45959  0
    45971  0
    45979  0
    45989  1
    46021  1
    46027  0
    46049  1
    46051  0
    46061  1
    46073  1
    46091  0
    46093  1
    46099  0
    46103  0
    46133  1
    46141  1
    46147  0
    46153  1
    46171  0
    46181  1
    46183  0
    46187  0
    46199  0
    46219  0
    46229  1
    46237  1
    46261  1
    46271  0
    46273  1
    46279  0
    46301  1
    46307  0
    46309  1
    46327  0
    46337  1
    46349  1
    46351  0
    46381  1
    46399  0
    46411  0
    46439  0
    46441  1
    46447  0
    46451  0
    46457  1
    46471  0
    46477  1
    46489  1
    46499  0
    46507  0
    46511  0
    46523  0
    46549  1
    46559  0
    46567  0
    46573  1
    46589  1
    46591  0
    46601  1
    46619  0
    46633  1
    46639  0
    46643  0
    46649  1
    46663  0
    46679  0
    46681  1
    46687  0
    46691  0
    46703  0
    46723  0
    46727  0
    46747  0
    46751  0
    46757  1
    46769  1
    46771  0
    46807  0
    46811  0
    46817  1
    46819  0
    46829  1
    46831  0
    46853  1
    46861  1
    46867  0
    46877  1
    46889  1
    46901  1
    46919  0
    46933  1
    46957  1
    46993  1
    46997  1
    47017  1
    47041  1
    47051  0
    47057  1
    47059  0
    47087  0
    47093  1
    47111  0
    47119  0
    47123  0
    47129  1
    47137  1
    47143  0
    47147  0
    47149  1
    47161  1
    47189  1
    47207  0
    47221  1
    47237  1
    47251  0
    47269  1
    47279  0
    47287  0
    47293  1
    47297  1
    47303  0
    47309  1
    47317  1
    47339  0
    47351  0
    47353  1
    47363  0
    47381  1
    47387  0
    47389  1
    47407  0
    47417  1
    47419  0
    47431  0
    47441  1
    47459  0
    47491  0
    47497  1
    47501  1
    47507  0
    47513  1
    47521  1
    47527  0
    47533  1
    47543  0
    47563  0
    47569  1
    47581  1
    47591  0
    47599  0
    47609  1
    47623  0
    47629  1
    47639  0
    47653  1
    47657  1
    47659  0
    47681  1
    47699  0
    47701  1
    47711  0
    47713  1
    47717  1
    47737  1
    47741  1
    47743  0
    47777  1
    47779  0
    47791  0
    47797  1
    47807  0
    47809  1
    47819  0
    47837  1
    47843  0
    47857  1
    47869  1
    47881  1
    47903  0
    47911  0
    47917  1
    47933  1
    47939  0
    47947  0
    47951  0
    47963  0
    47969  1
    47977  1
    47981  1
    48017  1
    48023  0
    48029  1
    48049  1
    48073  1
    48079  0
    48091  0
    48109  1
    48119  0
    48121  1
    48131  0
    48157  1
    48163  0
    48179  0
    48187  0
    48193  1
    48197  1
    48221  1
    48239  0
    48247  0
    48259  0
    48271  0
    48281  1
    48299  0
    48311  0
    48313  1
    48337  1
    48341  1
    48353  1
    48371  0
    48383  0
    48397  1
    48407  0
    48409  1
    48413  1
    48437  1
    48449  1
    48463  0
    48473  1
    48479  0
    48481  1
    48487  0
    48491  0
    48497  1
    48523  0
    48527  0
    48533  1
    48539  0
    48541  1
    48563  0
    48571  0
    48589  1
    48593  1
    48611  0
    48619  0
    48623  0
    48647  0
    48649  1
    48661  1
    48673  1
    48677  1
    48679  0
    48731  0
    48733  1
    48751  0
    48757  1
    48761  1
    48767  0
    48779  0
    48781  1
    48787  0
    48799  0
    48809  1
    48817  1
    48821  1
    48823  0
    48847  0
    48857  1
    48859  0
    48869  1
    48871  0
    48883  0
    48889  1
    48907  0
    48947  0
    48953  1
    48973  1
    48989  1
    48991  0
    49003  0
    49009  1
    49019  0
    49031  0
    49033  1
    49037  1
    49043  0
    49057  1
    49069  1
    49081  1
    49103  0
    49109  1
    49117  1
    49121  1
    49123  0
    49139  0
    49157  1
    49169  1
    49171  0
    49177  1
    49193  1
    49199  0
    49201  1
    49207  0
    49211  0
    49223  0
    49253  1
    49261  1
    49277  1
    49279  0
    49297  1
    49307  0
    49331  0
    49333  1
    49339  0
    49363  0
    49367  0
    49369  1
    49391  0
    49393  1
    49409  1
    49411  0
    49417  1
    49429  1
    49433  1
    49451  0
    49459  0
    49463  0
    49477  1
    49481  1
    49499  0
    49523  0
    49529  1
    49531  0
    49537  1
    49547  0
    49549  1
    49559  0
    49597  1
    49603  0
    49613  1
    49627  0
    49633  1
    49639  0
    49663  0
    49667  0
    49669  1
    49681  1
    49697  1
    49711  0
    49727  0
    49739  0
    49741  1
    49747  0
    49757  1
    49783  0
    49787  0
    49789  1
    49801  1
    49807  0
    49811  0
    49823  0
    49831  0
    49843  0
    49853  1
    49871  0
    49877  1
    49891  0
    49919  0
    49921  1
    49927  0
    49937  1
    49939  0
    49943  0
    49957  1
    49991  0
    49993  1
    49999  0
    50021  1
    50023  0
    50033  1
    50047  0
    50051  0
    50053  1
    50069  1
    50077  1
    50087  0
    50093  1
    50101  1
    50111  0
    50119  0
    50123  0
    50129  1
    50131  0
    50147  0
    50153  1
    50159  0
    50177  1
    50207  0
    50221  1
    50227  0
    50231  0
    50261  1
    50263  0
    50273  1
    50287  0
    50291  0
    50311  0
    50321  1
    50329  1
    50333  1
    50341  1
    50359  0
    50363  0
    50377  1
    50383  0
    50387  0
    50411  0
    50417  1
    50423  0
    50441  1
    50459  0
    50461  1
    50497  1
    50503  0
    50513  1
    50527  0
    50539  0
    50543  0
    50549  1
    50551  0
    50581  1
    50587  0
    50591  0
    50593  1
    50599  0
    50627  0
    50647  0
    50651  0
    50671  0
    50683  0
    50707  0
    50723  0
    50741  1
    50753  1
    50767  0
    50773  1
    50777  1
    50789  1
    50821  1
    50833  1
    50839  0
    50849  1
    50857  1
    50867  0
    50873  1
    50891  0
    50893  1
    50909  1
    50923  0
    50929  1
    50951  0
    50957  1
    50969  1
    50971  0
    50989  1
    50993  1
    51001  1
    51031  0
    51043  0
    51047  0
    51059  0
    51061  1
    51071  0
    51109  1
    51131  0
    51133  1
    51137  1
    51151  0
    51157  1
    51169  1
    51193  1
    51197  1
    51199  0
    51203  0
    51217  1
    51229  1
    51239  0
    51241  1
    51257  1
    51263  0
    51283  0
    51287  0
    51307  0
    51329  1
    51341  1
    51343  0
    51347  0
    51349  1
    51361  1
    51383  0
    51407  0
    51413  1
    51419  0
    51421  1
    51427  0
    51431  0
    51437  1
    51439  0
    51449  1
    51461  1
    51473  1
    51479  0
    51481  1
    51487  0
    51503  0
    51511  0
    51517  1
    51521  1
    51539  0
    51551  0
    51563  0
    51577  1
    51581  1
    51593  1
    51599  0
    51607  0
    51613  1
    51631  0
    51637  1
    51647  0
    51659  0
    51673  1
    51679  0
    51683  0
    51691  0
    51713  1
    51719  0
    51721  1
    51749  1
    51767  0
    51769  1
    51787  0
    51797  1
    51803  0
    51817  1
    51827  0
    51829  1
    51839  0
    51853  1
    51859  0
    51869  1
    51871  0
    51893  1
    51899  0
    51907  0
    51913  1
    51929  1
    51941  1
    51949  1
    51971  0
    51973  1
    51977  1
    51991  0
    52009  1
    52021  1
    52027  0
    52051  0
    52057  1
    52067  0
    52069  1
    52081  1
    52103  0
    52121  1
    52127  0
    52147  0
    52153  1
    52163  0
    52177  1
    52181  1
    52183  0
    52189  1
    52201  1
    52223  0
    52237  1
    52249  1
    52253  1
    52259  0
    52267  0
    52289  1
    52291  0
    52301  1
    52313  1
    52321  1
    52361  1
    52363  0
    52369  1
    52379  0
    52387  0
    52391  0
    52433  1
    52453  1
    52457  1
    52489  1
    52501  1
    52511  0
    52517  1
    52529  1
    52541  1
    52543  0
    52553  1
    52561  1
    52567  0
    52571  0
    52579  0
    52583  0
    52609  1
    52627  0
    52631  0
    52639  0
    52667  0
    52673  1
    52691  0
    52697  1
    52709  1
    52711  0
    52721  1
    52727  0
    52733  1
    52747  0
    52757  1
    52769  1
    52783  0
    52807  0
    52813  1
    52817  1
    52837  1
    52859  0
    52861  1
    52879  0
    52883  0
    52889  1
    52901  1
    52903  0
    52919  0
    52937  1
    52951  0
    52957  1
    52963  0
    52967  0
    52973  1
    52981  1
    52999  0
    53003  0
    53017  1
    53047  0
    53051  0
    53069  1
    53077  1
    53087  0
    53089  1
    53093  1
    53101  1
    53113  1
    53117  1
    53129  1
    53147  0
    53149  1
    53161  1
    53171  0
    53173  1
    53189  1
    53197  1
    53201  1
    53231  0
    53233  1
    53239  0
    53267  0
    53269  1
    53279  0
    53281  1
    53299  0
    53309  1
    53323  0
    53327  0
    53353  1
    53359  0
    53377  1
    53381  1
    53401  1
    53407  0
    53411  0
    53419  0
    53437  1
    53441  1
    53453  1
    53479  0
    53503  0
    53507  0
    53527  0
    53549  1
    53551  0
    53569  1
    53591  0
    53593  1
    53597  1
    53609  1
    53611  0
    53617  1
    53623  0
    53629  1
    53633  1
    53639  0
    53653  1
    53657  1
    53681  1
    53693  1
    53699  0
    53717  1
    53719  0
    53731  0
    53759  0
    53773  1
    53777  1
    53783  0
    53791  0
    53813  1
    53819  0
    53831  0
    53849  1
    53857  1
    53861  1
    53881  1
    53887  0
    53891  0
    53897  1
    53899  0
    53917  1
    53923  0
    53927  0
    53939  0
    53951  0
    53959  0
    53987  0
    53993  1
    54001  1
    54011  0
    54013  1
    54037  1
    54049  1
    54059  0
    54083  0
    54091  0
    54101  1
    54121  1
    54133  1
    54139  0
    54151  0
    54163  0
    54167  0
    54181  1
    54193  1
    54217  1
    54251  0
    54269  1
    54277  1
    54287  0
    54293  1
    54311  0
    54319  0
    54323  0
    54331  0
    54347  0
    54361  1
    54367  0
    54371  0
    54377  1
    54401  1
    54403  0
    54409  1
    54413  1
    54419  0
    54421  1
    54437  1
    54443  0
    54449  1
    54469  1
    54493  1
    54497  1
    54499  0
    54503  0
    54517  1
    54521  1
    54539  0
    54541  1
    54547  0
    54559  0
    54563  0
    54577  1
    54581  1
    54583  0
    54601  1
    54617  1
    54623  0
    54629  1
    54631  0
    54647  0
    54667  0
    54673  1
    54679  0
    54709  1
    54713  1
    54721  1
    54727  0
    54751  0
    54767  0
    54773  1
    54779  0
    54787  0
    54799  0
    54829  1
    54833  1
    54851  0
    54869  1
    54877  1
    54881  1
    54907  0
    54917  1
    54919  0
    54941  1
    54949  1
    54959  0
    54973  1
    54979  0
    54983  0
    55001  1
    55009  1
    55021  1
    55049  1
    55051  0
    55057  1
    55061  1
    55073  1
    55079  0
    55103  0
    55109  1
    55117  1
    55127  0
    55147  0
    55163  0
    55171  0
    55201  1
    55207  0
    55213  1
    55217  1
    55219  0
    55229  1
    55243  0
    55249  1
    55259  0
    55291  0
    55313  1
    55331  0
    55333  1
    55337  1
    55339  0
    55343  0
    55351  0
    55373  1
    55381  1
    55399  0
    55411  0
    55439  0
    55441  1
    55457  1
    55469  1
    55487  0
    55501  1
    55511  0
    55529  1
    55541  1
    55547  0
    55579  0
    55589  1
    55603  0
    55609  1
    55619  0
    55621  1
    55631  0
    55633  1
    55639  0
    55661  1
    55663  0
    55667  0
    55673  1
    55681  1
    55691  0
    55697  1
    55711  0
    55717  1
    55721  1
    55733  1
    55763  0
    55787  0
    55793  1
    55799  0
    55807  0
    55813  1
    55817  1
    55819  0
    55823  0
    55829  1
    55837  1
    55843  0
    55849  1
    55871  0
    55889  1
    55897  1
    55901  1
    55903  0
    55921  1
    55927  0
    55931  0
    55933  1
    55949  1
    55967  0
    55987  0
    55997  1
    56003  0
    56009  1
    56039  0
    56041  1
    56053  1
    56081  1
    56087  0
    56093  1
    56099  0
    56101  1
    56113  1
    56123  0
    56131  0
    56149  1
    56167  0
    56171  0
    56179  0
    56197  1
    56207  0
    56209  1
    56237  1
    56239  0
    56249  1
    56263  0
    56267  0
    56269  1
    56299  0
    56311  0
    56333  1
    56359  0
    56369  1
    56377  1
    56383  0
    56393  1
    56401  1
    56417  1
    56431  0
    56437  1
    56443  0
    56453  1
    56467  0
    56473  1
    56477  1
    56479  0
    56489  1
    56501  1
    56503  0
    56509  1
    56519  0
    56527  0
    56531  0
    56533  1
    56543  0
    56569  1
    56591  0
    56597  1
    56599  0
    56611  0
    56629  1
    56633  1
    56659  0
    56663  0
    56671  0
    56681  1
    56687  0
    56701  1
    56711  0
    56713  1
    56731  0
    56737  1
    56747  0
    56767  0
    56773  1
    56779  0
    56783  0
    56807  0
    56809  1
    56813  1
    56821  1
    56827  0
    56843  0
    56857  1
    56873  1
    56891  0
    56893  1
    56897  1
    56909  1
    56911  0
    56921  1
    56923  0
    56929  1
    56941  1
    56951  0
    56957  1
    56963  0
    56983  0
    56989  1
    56993  1
    56999  0
    57037  1
    57041  1
    57047  0
    57059  0
    57073  1
    57077  1
    57089  1
    57097  1
    57107  0
    57119  0
    57131  0
    57139  0
    57143  0
    57149  1
    57163  0
    57173  1
    57179  0
    57191  0
    57193  1
    57203  0
    57221  1
    57223  0
    57241  1
    57251  0
    57259  0
    57269  1
    57271  0
    57283  0
    57287  0
    57301  1
    57329  1
    57331  0
    57347  0
    57349  1
    57367  0
    57373  1
    57383  0
    57389  1
    57397  1
    57413  1
    57427  0
    57457  1
    57467  0
    57487  0
    57493  1
    57503  0
    57527  0
    57529  1
    57557  1
    57559  0
    57571  0
    57587  0
    57593  1
    57601  1
    57637  1
    57641  1
    57649  1
    57653  1
    57667  0
    57679  0
    57689  1
    57697  1
    57709  1
    57713  1
    57719  0
    57727  0
    57731  0
    57737  1
    57751  0
    57773  1
    57781  1
    57787  0
    57791  0
    57793  1
    57803  0
    57809  1
    57829  1
    57839  0
    57847  0
    57853  1
    57859  0
    57881  1
    57899  0
    57901  1
    57917  1
    57923  0
    57943  0
    57947  0
    57973  1
    57977  1
    57991  0
    58013  1
    58027  0
    58031  0
    58043  0
    58049  1
    58057  1
    58061  1
    58067  0
    58073  1
    58099  0
    58109  1
    58111  0
    58129  1
    58147  0
    58151  0
    58153  1
    58169  1
    58171  0
    58189  1
    58193  1
    58199  0
    58207  0
    58211  0
    58217  1
    58229  1
    58231  0
    58237  1
    58243  0
    58271  0
    58309  1
    58313  1
    58321  1
    58337  1
    58363  0
    58367  0
    58369  1
    58379  0
    58391  0
    58393  1
    58403  0
    58411  0
    58417  1
    58427  0
    58439  0
    58441  1
    58451  0
    58453  1
    58477  1
    58481  1
    58511  0
    58537  1
    58543  0
    58549  1
    58567  0
    58573  1
    58579  0
    58601  1
    58603  0
    58613  1
    58631  0
    58657  1
    58661  1
    58679  0
    58687  0
    58693  1
    58699  0
    58711  0
    58727  0
    58733  1
    58741  1
    58757  1
    58763  0
    58771  0
    58787  0
    58789  1
    58831  0
    58889  1
    58897  1
    58901  1
    58907  0
    58909  1
    58913  1
    58921  1
    58937  1
    58943  0
    58963  0
    58967  0
    58979  0
    58991  0
    58997  1
    59009  1
    59011  0
    59021  1
    59023  0
    59029  1
    59051  0
    59053  1
    59063  0
    59069  1
    59077  1
    59083  0
    59093  1
    59107  0
    59113  1
    59119  0
    59123  0
    59141  1
    59149  1
    59159  0
    59167  0
    59183  0
    59197  1
    59207  0
    59209  1
    59219  0
    59221  1
    59233  1
    59239  0
    59243  0
    59263  0
    59273  1
    59281  1
    59333  1
    59341  1
    59351  0
    59357  1
    59359  0
    59369  1
    59377  1
    59387  0
    59393  1
    59399  0
    59407  0
    59417  1
    59419  0
    59441  1
    59443  0
    59447  0
    59453  1
    59467  0
    59471  0
    59473  1
    59497  1
    59509  1
    59513  1
    59539  0
    59557  1
    59561  1
    59567  0
    59581  1
    59611  0
    59617  1
    59621  1
    59627  0
    59629  1
    59651  0
    59659  0
    59663  0
    59669  1
    59671  0
    59693  1
    59699  0
    59707  0
    59723  0
    59729  1
    59743  0
    59747  0
    59753  1
    59771  0
    59779  0
    59791  0
    59797  1
    59809  1
    59833  1
    59863  0
    59879  0
    59887  0
    59921  1
    59929  1
    59951  0
    59957  1
    59971  0
    59981  1
    59999  0
    60013  1
    60017  1
    60029  1
    60037  1
    60041  1
    60077  1
    60083  0
    60089  1
    60091  0
    60101  1
    60103  0
    60107  0
    60127  0
    60133  1
    60139  0
    60149  1
    60161  1
    60167  0
    60169  1
    60209  1
    60217  1
    60223  0
    60251  0
    60257  1
    60259  0
    60271  0
    60289  1
    60293  1
    60317  1
    60331  0
    60337  1
    60343  0
    60353  1
    60373  1
    60383  0
    60397  1
    60413  1
    60427  0
    60443  0
    60449  1
    60457  1
    60493  1
    60497  1
    60509  1
    60521  1
    60527  0
    60539  0
    60589  1
    60601  1
    60607  0
    60611  0
    60617  1
    60623  0
    60631  0
    60637  1
    60647  0
    60649  1
    60659  0
    60661  1
    60679  0
    60689  1
    60703  0
    60719  0
    60727  0
    60733  1
    60737  1
    60757  1
    60761  1
    60763  0
    60773  1
    60779  0
    60793  1
    60811  0
    60821  1
    60859  0
    60869  1
    60887  0
    60889  1
    60899  0
    60901  1
    60913  1
    60917  1
    60919  0
    60923  0
    60937  1
    60943  0
    60953  1
    60961  1
    61001  1
    61007  0
    61027  0
    61031  0
    61043  0
    61051  0
    61057  1
    61091  0
    61099  0
    61121  1
    61129  1
    61141  1
    61151  0
    61153  1
    61169  1
    61211  0
    61223  0
    61231  0
    61253  1
    61261  1
    61283  0
    61291  0
    61297  1
    61331  0
    61333  1
    61339  0
    61343  0
    61357  1
    61363  0
    61379  0
    61381  1
    61403  0
    61409  1
    61417  1
    61441  1
    61463  0
    61469  1
    61471  0
    61483  0
    61487  0
    61493  1
    61507  0
    61511  0
    61519  0
    61543  0
    61547  0
    61553  1
    61559  0
    61561  1
    61583  0
    61603  0
    61609  1
    61613  1
    61627  0
    61631  0
    61637  1
    61643  0
    61651  0
    61657  1
    61667  0
    61673  1
    61681  1
    61687  0
    61703  0
    61717  1
    61723  0
    61729  1
    61751  0
    61757  1
    61781  1
    61813  1
    61819  0
    61837  1
    61843  0
    61861  1
    61871  0
    61879  0
    61909  1
    61927  0
    61933  1
    61949  1
    61961  1
    61967  0
    61979  0
    61981  1
    61987  0
    61991  0
    62003  0
    62011  0
    62017  1
    62039  0
    62047  0
    62053  1
    62057  1
    62071  0
    62081  1
    62099  0
    62119  0
    62129  1
    62131  0
    62137  1
    62141  1
    62143  0
    62171  0
    62189  1
    62191  0
    62201  1
    62207  0
    62213  1
    62219  0
    62233  1
    62273  1
    62297  1
    62299  0
    62303  0
    62311  0
    62323  0
    62327  0
    62347  0
    62351  0
    62383  0
    62401  1
    62417  1
    62423  0
    62459  0
    62467  0
    62473  1
    62477  1
    62483  0
    62497  1
    62501  1
    62507  0
    62533  1
    62539  0
    62549  1
    62563  0
    62581  1
    62591  0
    62597  1
    62603  0
    62617  1
    62627  0
    62633  1
    62639  0
    62653  1
    62659  0
    62683  0
    62687  0
    62701  1
    62723  0
    62731  0
    62743  0
    62753  1
    62761  1
    62773  1
    62791  0
    62801  1
    62819  0
    62827  0
    62851  0
    62861  1
    62869  1
    62873  1
    62897  1
    62903  0
    62921  1
    62927  0
    62929  1
    62939  0
    62969  1
    62971  0
    62981  1
    62983  0
    62987  0
    62989  1
    63029  1
    63031  0
    63059  0
    63067  0
    63073  1
    63079  0
    63097  1
    63103  0
    63113  1
    63127  0
    63131  0
    63149  1
    63179  0
    63197  1
    63199  0
    63211  0
    63241  1
    63247  0
    63277  1
    63281  1
    63299  0
    63311  0
    63313  1
    63317  1
    63331  0
    63337  1
    63347  0
    63353  1
    63361  1
    63367  0
    63377  1
    63389  1
    63391  0
    63397  1
    63409  1
    63419  0
    63421  1
    63439  0
    63443  0
    63463  0
    63467  0
    63473  1
    63487  0
    63493  1
    63499  0
    63521  1
    63527  0
    63533  1
    63541  1
    63559  0
    63577  1
    63587  0
    63589  1
    63599  0
    63601  1
    63607  0
    63611  0
    63617  1
    63629  1
    63647  0
    63649  1
    63659  0
    63667  0
    63671  0
    63689  1
    63691  0
    63697  1
    63703  0
    63709  1
    63719  0
    63727  0
    63737  1
    63743  0
    63761  1
    63773  1
    63781  1
    63793  1
    63799  0
    63803  0
    63809  1
    63823  0
    63839  0
    63841  1
    63853  1
    63857  1
    63863  0
    63901  1
    63907  0
    63913  1
    63929  1
    63949  1
    63977  1
    63997  1
