    2   0
    3   0
    5   1
    7   0
   11   0
   13   1
   17   1
   19   0
   23   0
   29   1
   31   0
   37   1
   41   1
   43   0
   47   0
   53   1
   59   0
   61   1
   67   0
   71   0
   73   1
   79   0
   83   0
   89   1
   97   1
  101   1
  103   0
  107   0
  109   1
  113   1
  127   0
  131   0
  137   1
  139   0
  149   1
  151   0
  157   1
  163   0
  167   0
  173   1
  179   0
  181   1
  191   0
  193   1
  197   1
  199   0
  211   0
  223   0
  227   0
  229   1
  233   1
  239   0
  241   1
  251   0
  257   1
  263   0
  269   1
  271   0
  277   1
  281   1
  283   0
  293   1
  307   0
  311   0
  313   1
  317   1
  331   0
  337   1
  347   0
  349   1
  353   1
  359   0
  367   0
  373   1
  379   0
  383   0
  389   1
  397   1
  401   1
  409   1
  419   0
  421   1
  431   0
  433   1
  439   0
  443   0
  449   1
  457   1
  461   1
  463   0
  467   0
  479   0
  487   0
  491   0
  499   0
  503   0
  509   1
  521   1
  523   0
  541   1
  547   0
  557   1
  563   0
  569   1
  571   0
  577   1
  587   0
  593   1
  599   0
  601   1
  607   0
  613   1
  617   1
  619   0
  631   0
  641   1
  643   0
  647   0
  653   1
  659   0
  661   1
  673   1
  677   1
  683   0
  691   0
  701   1
  709   1
  719   0
  727   0
  733   1
  739   0
  743   0
  751   0
  757   1
  761   1
  769   1
  773   1
  787   0
  797   1
  809   1
  811   0
  821   1
  823   0
  827   0
  829   1
  839   0
  853   1
  857   1
  859   0
  863   0
  877   1
  881   1
  883   0
  887   0
  907   0
  911   0
  919   0
  929   1
  937   1
  941   1
  947   0
  953   1
  967   0
  971   0
  977   1
  983   0
  991   0
  997   1
